0 7
1 3
1 5
1 13
1 34
2 7
2 31
3 13
4 17
4 22
4 34
5 25
5 30
6 25
8 34
9 14
9 16
10 21
11 25
11 34
11 35
12 27
14 16
15 24
15 26
15 27
17 22
17 25
17 27
17 30
17 34
17 35
18 23
18 27
18 32
18 35
19 20
20 29
22 25
22 30
22 33
22 34
23 25
23 32
23 35
24 26
25 27
25 30
25 32
25 34
25 35
27 32
27 34
28 34
30 34
32 35
36 53
36 54
37 43
37 44
37 45
37 58
37 60
37 61
38 51
38 63
38 65
39 42
39 43
39 46
39 49
39 54
39 55
39 61
39 76
39 112
39 125
39 138
39 147
39 154
39 190
39 194
39 204
40 41
40 62
41 62
42 43
42 50
42 53
42 57
42 59
42 69
42 75
43 50
43 57
43 63
43 65
44 58
45 50
45 56
45 58
46 52
46 55
46 69
47 50
47 51
47 57
47 65
48 64
49 61
50 51
50 54
50 57
50 59
50 63
50 65
50 69
51 53
52 55
53 54
53 59
54 59
54 76
54 93
54 112
54 125
54 138
54 147
54 163
54 173
54 174
54 190
54 204
55 57
55 69
56 57
56 58
56 60
56 61
56 65
57 58
57 65
60 65
63 65
66 68
66 71
66 72
66 74
66 77
67 69
67 76
68 70
68 71
68 72
68 75
68 77
69 76
70 74
70 75
70 132
70 141
70 202
71 74
73 77
76 112
76 125
76 147
76 163
76 166
76 190
76 204
78 79
80 83
80 90
80 91
81 85
82 84
83 89
84 86
84 91
85 87
88 92
93 187
93 199
94 134
95 104
95 119
95 140
95 157
95 160
95 163
95 179
96 127
96 133
96 163
96 188
97 102
97 111
97 129
97 139
97 146
97 151
97 170
97 191
98 103
98 106
98 117
98 122
98 134
98 197
98 205
99 105
99 117
99 134
99 136
99 141
99 148
99 152
99 155
99 158
99 172
99 183
99 202
100 101
100 116
100 121
100 173
100 174
100 176
101 116
101 118
101 121
101 129
101 130
101 137
101 139
101 165
101 170
101 173
101 174
101 176
101 191
102 111
102 115
102 126
102 128
102 146
102 151
102 165
102 169
102 170
102 174
102 178
102 180
102 185
102 187
103 113
103 206
104 119
104 127
104 140
105 117
105 141
105 158
105 171
105 172
106 122
106 205
106 206
107 110
108 117
108 134
108 141
108 152
108 183
108 189
108 208
109 112
109 127
109 143
109 154
109 163
109 207
110 161
111 115
111 164
111 185
111 191
111 192
112 143
112 154
112 166
112 194
112 204
113 134
113 206
114 151
114 168
114 195
114 389
115 130
115 165
116 118
116 121
116 124
116 129
116 139
116 165
116 170
116 173
116 174
116 176
116 191
117 134
117 158
117 171
117 172
117 183
117 189
118 121
118 124
118 129
118 139
118 146
118 170
118 173
118 174
118 176
118 191
119 140
119 145
119 160
119 179
120 161
121 124
121 165
121 170
121 173
121 174
121 176
121 191
122 140
122 160
122 163
122 197
122 205
122 206
123 145
123 160
123 163
124 129
124 130
124 135
124 151
124 165
124 170
124 173
124 174
124 176
124 180
124 191
125 138
125 147
125 190
125 204
126 128
126 151
126 165
126 169
126 170
126 180
126 187
127 133
127 157
127 186
127 188
128 151
128 180
129 130
129 137
129 139
129 151
129 165
129 169
129 170
129 173
129 174
129 191
129 192
130 135
130 165
130 169
130 173
130 178
130 180
130 191
131 193
131 200
133 157
133 160
133 163
133 186
134 136
134 141
134 148
134 150
134 152
134 155
134 158
134 171
134 172
134 183
134 194
134 197
134 201
134 202
134 205
134 206
134 208
135 169
135 173
135 174
135 180
135 191
136 141
136 205
137 165
137 170
137 173
138 147
138 154
139 170
139 173
139 174
139 176
139 185
139 191
140 160
141 148
141 152
141 155
141 158
141 171
141 172
141 189
141 202
141 208
142 168
142 175
143 154
143 166
143 177
143 204
143 207
144 162
145 160
145 163
145 179
146 151
146 165
146 170
146 192
147 190
147 194
148 158
149 164
151 165
151 169
151 170
151 176
151 180
151 185
151 187
151 191
152 183
152 208
153 159
153 177
154 166
154 170
154 177
154 194
154 204
154 205
155 172
155 202
155 208
156 178
156 198
156 203
157 160
157 163
157 179
157 186
158 172
158 189
158 194
158 199
158 205
159 167
160 163
160 179
162 174
162 191
163 179
163 190
163 193
164 170
164 199
165 169
165 170
165 173
165 174
165 180
165 187
166 177
166 190
166 204
168 175
168 195
169 170
169 173
169 174
169 180
169 187
170 173
170 174
170 176
170 187
170 191
170 199
170 206
171 172
171 183
171 205
172 189
172 202
172 208
173 174
173 176
173 185
173 191
174 176
174 180
174 187
174 191
174 199
175 195
176 191
178 198
178 203
180 187
181 198
182 366
183 189
183 202
184 196
185 192
189 205
189 208
190 196
191 192
193 200
197 205
197 206
201 206
205 206
206 209
210 211
210 212
210 213
210 214
210 215
210 216
210 217
210 218
210 219
210 220
210 221
210 222
210 223
210 224
210 225
210 226
210 227
210 228
210 229
210 230
210 231
210 232
210 233
210 234
210 235
210 236
210 237
210 238
210 239
210 240
210 241
210 242
210 243
210 244
210 245
210 246
210 247
210 248
210 249
210 250
210 251
210 252
210 253
210 254
210 255
210 256
210 257
210 258
210 259
210 260
210 261
210 262
210 263
210 264
210 265
210 266
210 267
210 268
210 269
210 270
210 271
210 272
210 273
210 274
210 275
210 276
210 277
210 278
210 279
210 280
210 281
210 282
210 283
210 284
210 285
210 286
210 287
210 288
210 289
210 290
210 291
210 292
210 293
210 294
211 236
213 216
213 221
213 223
213 255
213 269
213 274
213 284
213 289
213 294
214 221
214 223
214 253
214 254
214 255
214 272
214 284
215 223
215 230
215 243
215 260
215 261
215 276
215 280
216 217
216 223
216 253
216 254
216 255
216 262
216 271
216 274
216 277
216 285
217 220
217 221
217 223
217 250
217 254
217 255
217 262
217 269
217 271
217 274
217 277
220 221
220 222
220 223
220 229
220 232
220 233
220 235
220 238
220 241
220 242
220 243
220 245
220 246
220 255
220 257
220 259
220 260
220 261
220 263
220 265
220 273
220 276
220 279
220 282
220 287
220 288
220 291
220 292
221 223
221 255
221 289
222 229
222 232
222 235
222 238
222 242
222 243
222 257
222 259
222 263
222 265
222 273
222 276
222 279
222 282
222 287
222 288
222 291
222 292
223 230
223 232
223 250
223 254
223 255
223 260
223 261
223 262
223 274
223 276
223 277
223 284
223 287
223 288
223 291
223 294
224 226
225 226
226 250
226 293
227 236
227 267
227 290
228 249
228 252
229 235
229 238
229 242
229 246
229 257
229 259
229 273
229 280
229 287
229 292
230 260
230 261
230 265
230 276
232 233
232 235
232 238
232 241
232 242
232 243
232 246
232 257
232 259
232 263
232 265
232 276
232 282
232 287
232 288
232 291
233 235
233 238
233 241
233 242
233 243
233 246
233 257
233 259
233 263
233 265
233 276
233 279
233 280
233 288
233 291
233 292
234 236
235 238
235 241
235 242
235 243
235 246
235 257
235 259
235 260
235 263
235 265
235 273
235 276
235 279
235 280
235 282
235 287
235 288
235 291
235 292
236 267
236 278
236 283
236 290
238 241
238 242
238 243
238 246
238 257
238 258
238 259
238 263
238 265
238 273
238 276
238 279
238 280
238 287
238 288
238 291
238 292
239 254
239 255
241 246
241 259
241 265
241 282
241 287
241 288
242 243
242 257
242 259
242 263
242 265
242 273
242 276
242 279
242 280
242 282
242 287
242 288
242 291
242 292
243 246
243 257
243 259
243 265
243 273
243 276
243 279
243 280
243 282
243 287
243 288
243 292
245 255
246 257
246 259
246 276
246 279
246 287
246 288
246 291
246 292
247 252
247 271
247 278
248 249
250 253
250 262
250 272
250 274
250 284
250 285
251 256
251 278
253 254
253 255
253 262
253 274
253 277
253 284
254 255
254 262
254 271
254 274
254 277
254 285
255 262
255 269
255 271
255 274
255 277
255 285
255 294
256 267
257 259
257 263
257 265
257 273
257 276
257 279
257 280
257 282
257 287
257 288
257 291
257 292
259 265
259 276
259 279
259 282
259 288
259 291
259 292
260 261
260 276
261 276
262 271
262 274
262 277
262 284
262 285
263 287
265 276
265 280
265 287
265 288
265 291
265 292
267 283
269 289
269 294
271 274
271 277
273 276
273 279
273 282
273 287
273 288
273 292
274 277
274 284
274 285
274 294
276 279
276 280
276 282
276 287
276 288
276 291
276 292
277 284
277 285
279 280
279 282
279 287
279 288
279 291
279 292
280 287
280 288
280 292
282 287
282 288
284 285
284 294
287 288
287 291
288 292
289 294
291 292
295 322
295 332
295 334
295 341
295 344
295 357
295 360
296 297
296 320
296 339
296 358
296 361
297 298
297 320
297 327
297 339
297 351
297 358
297 361
298 304
298 306
298 313
298 314
298 319
298 320
298 325
298 345
298 364
298 371
299 310
300 332
300 338
300 357
300 362
300 367
300 370
301 334
302 359
303 316
303 322
303 368
304 320
304 325
304 331
304 345
304 371
305 363
306 320
306 351
306 364
307 312
307 334
307 344
307 356
307 362
307 367
308 316
308 334
308 365
308 368
309 313
309 331
311 326
311 362
311 365
311 368
312 346
313 319
313 331
314 320
314 325
314 327
314 347
314 349
314 371
315 335
315 369
316 326
316 356
316 368
317 322
317 323
317 332
317 334
317 368
318 337
320 327
320 339
320 345
320 347
320 349
320 351
320 358
320 361
320 364
320 371
321 340
321 356
322 324
322 326
322 334
322 368
323 328
324 337
324 344
324 352
324 355
324 360
324 365
324 370
325 345
325 347
325 361
325 371
326 334
326 341
326 360
326 365
327 339
327 346
327 351
327 361
327 364
327 371
328 330
328 332
328 334
328 341
328 343
328 348
328 366
329 337
330 344
332 335
332 338
332 341
332 343
332 348
332 357
332 365
332 366
333 344
333 348
334 344
334 360
334 362
334 365
335 353
335 357
336 342
336 371
337 355
338 341
338 343
338 357
338 366
339 358
339 361
341 343
341 354
341 357
341 366
341 367
342 364
343 348
343 354
343 357
343 366
344 355
345 347
345 364
345 371
346 363
346 369
347 371
348 357
348 366
350 368
351 364
351 371
352 355
352 370
354 357
355 368
355 370
357 366
360 368
361 364
362 370
363 369
364 371
365 366
365 368
372 388
372 393
372 403
372 405
372 407
373 384
374 412
375 382
376 383
376 415
377 390
377 416
378 387
378 399
378 410
378 413
378 422
379 393
379 421
380 383
380 397
380 409
380 415
381 392
381 402
382 406
385 406
386 395
387 399
387 413
387 422
390 416
391 392
391 400
391 401
391 409
392 398
392 401
392 402
392 409
392 417
392 418
392 420
393 404
393 414
394 408
396 404
397 402
398 402
398 409
398 417
399 413
399 422
400 409
401 402
401 409
402 409
402 417
402 418
402 420
403 405
404 410
405 407
406 408
408 411
409 417
409 418
409 420
410 421
411 419
412 420
413 422
417 418
417 420
418 420
423 424
423 425
423 426
423 427
423 428
423 429
424 426
