0 1
0 7
0 20
1 4
1 7
1 14
1 15
1 19
1 20
1 22
1 27
1 28
2 30
3 8
3 23
4 7
4 14
4 15
4 19
4 20
4 21
4 24
4 28
4 30
5 12
6 31
7 14
7 19
7 20
7 22
7 27
7 30
8 23
9 19
10 16
11 13
11 19
12 16
12 26
13 15
13 28
14 20
14 30
15 28
17 19
18 25
19 20
20 22
20 28
21 28
22 27
22 28
22 30
28 30
29 31
32 34
32 40
32 43
32 45
32 50
33 39
33 40
33 42
33 50
34 36
34 38
34 43
34 45
34 47
34 50
34 51
35 40
35 44
35 46
35 48
35 51
36 42
36 50
37 41
37 46
37 49
38 42
38 50
40 41
40 42
40 43
40 50
41 49
42 43
42 50
42 51
42 53
42 57
42 61
43 45
43 50
47 50
50 57
50 61
52 55
52 58
52 62
53 56
53 60
54 55
54 58
54 62
55 58
55 59
55 62
56 63
57 61
58 59
58 62
59 62
61 99
61 108
61 159
61 179
63 64
65 67
65 70
65 72
65 77
65 81
65 86
66 67
66 71
66 75
66 79
66 82
67 69
67 72
67 73
67 75
67 77
67 82
68 76
69 77
69 81
70 72
70 82
72 78
72 80
72 82
73 74
75 77
75 79
77 81
77 86
83 87
84 85
88 103
88 105
88 113
88 115
88 122
88 140
88 141
88 158
88 181
88 182
88 192
89 93
89 139
89 150
89 160
89 190
90 98
91 119
91 124
91 127
91 148
91 175
91 195
92 100
92 170
93 139
93 150
93 160
93 190
94 102
94 103
94 132
94 135
94 151
94 172
94 183
94 192
94 193
95 98
95 119
95 127
95 178
96 109
96 111
96 122
96 131
96 135
96 141
96 146
96 181
96 185
96 192
97 105
97 109
97 115
97 135
97 136
97 156
97 166
97 185
97 192
98 116
98 124
98 127
98 144
98 148
98 149
98 175
98 191
99 117
99 118
99 163
101 164
101 172
101 181
101 186
101 191
101 192
101 193
102 103
102 106
102 109
102 113
102 115
102 126
102 128
102 132
102 135
102 136
102 151
102 152
102 156
102 164
102 181
102 182
102 183
102 186
102 192
102 193
103 126
103 132
103 135
103 141
103 151
103 152
103 158
103 164
103 172
103 173
103 182
103 192
103 193
104 121
104 137
104 145
104 163
105 122
105 135
105 140
105 141
105 158
105 172
105 182
105 192
106 109
106 111
106 113
106 115
106 122
106 125
106 126
106 140
106 152
106 158
106 164
106 166
106 181
106 182
106 185
106 186
106 192
106 193
107 127
107 195
108 121
108 153
108 163
109 111
109 113
109 120
109 122
109 135
109 151
109 152
109 166
109 174
109 181
109 182
109 185
109 192
109 193
110 176
111 135
112 113
112 196
113 115
113 126
113 134
113 135
113 141
113 146
113 152
113 158
113 164
113 165
113 168
113 173
113 181
113 192
113 193
114 117
114 159
115 136
115 146
115 152
115 158
115 181
115 185
115 192
115 193
116 144
117 118
117 159
118 189
119 127
119 148
120 141
120 143
120 181
121 137
121 145
121 175
121 187
122 135
122 162
122 181
122 182
122 188
122 192
123 168
123 170
124 127
124 157
125 131
125 147
125 155
125 156
125 162
125 166
126 134
126 135
126 152
126 164
126 173
126 181
126 183
126 192
126 193
127 130
127 148
127 175
127 195
128 135
128 151
128 152
128 172
128 182
128 183
128 185
128 186
128 192
129 130
130 136
130 138
130 180
131 141
131 155
131 162
132 135
132 151
132 164
132 166
132 172
132 192
132 193
133 149
134 135
134 152
134 181
134 192
134 193
135 151
135 152
135 156
135 158
135 164
135 166
135 172
135 181
135 182
135 185
135 186
135 192
135 193
136 152
136 181
137 145
137 163
139 150
139 160
139 190
140 164
140 181
141 158
141 181
142 192
143 192
146 164
146 173
146 185
146 193
148 149
150 190
151 152
151 153
151 164
151 172
151 185
151 186
151 192
151 193
152 156
152 158
152 166
152 169
152 172
152 174
152 181
152 185
152 186
152 192
152 193
153 192
154 188
155 162
156 164
156 166
156 182
156 185
156 192
158 174
158 181
158 192
159 163
159 189
161 181
162 325
162 340
164 166
164 172
164 182
164 183
164 186
164 192
164 193
165 188
166 182
166 185
166 186
166 192
167 179
167 191
169 185
171 185
172 186
172 192
172 193
173 181
174 181
174 185
174 192
174 193
175 187
175 195
177 179
179 191
181 182
181 185
181 186
181 188
181 192
181 193
182 185
182 186
182 192
183 192
184 194
185 186
185 192
186 192
192 193
197 238
197 269
198 209
198 210
198 211
198 219
198 223
198 228
198 233
198 237
198 248
198 251
198 252
198 253
198 258
198 259
198 262
198 269
199 201
199 202
199 213
199 215
199 217
199 220
199 222
199 242
199 244
199 245
199 263
199 264
199 270
199 275
199 280
200 201
200 202
200 213
200 215
200 217
200 220
200 222
200 235
200 239
200 242
200 244
200 245
200 247
200 253
200 254
200 256
200 257
200 263
200 264
200 270
200 275
200 280
201 202
201 213
201 215
201 217
201 220
201 222
201 235
201 239
201 242
201 244
201 245
201 253
201 254
201 256
201 257
201 263
201 264
201 268
201 270
201 275
201 280
202 213
202 215
202 217
202 220
202 222
202 235
202 239
202 242
202 244
202 245
202 247
202 253
202 254
202 256
202 257
202 263
202 264
202 268
202 270
202 280
203 227
203 261
203 278
204 228
204 232
204 233
204 237
204 248
204 251
204 252
204 259
204 260
204 274
204 277
205 221
205 243
205 248
205 277
205 279
206 207
206 227
206 246
206 249
206 261
206 271
206 278
207 230
207 249
207 278
208 216
209 211
209 219
209 223
209 228
209 232
209 233
209 237
209 251
209 252
209 259
209 260
209 269
209 277
210 211
210 219
210 223
210 231
210 233
210 241
210 246
210 252
210 255
210 258
210 259
210 269
210 274
210 277
211 212
211 214
211 219
211 223
211 225
211 226
211 228
211 231
211 232
211 233
211 237
211 241
211 246
211 251
211 253
211 255
211 258
211 259
211 265
211 266
211 269
211 274
211 276
211 277
212 219
212 231
212 237
212 258
213 215
213 217
213 220
213 222
213 224
213 235
213 239
213 242
213 244
213 245
213 253
213 254
213 256
213 257
213 263
213 264
213 268
213 270
213 275
213 280
214 281
215 217
215 220
215 222
215 235
215 239
215 244
215 245
215 247
215 253
215 254
215 256
215 257
215 263
215 264
215 268
215 270
215 275
215 280
216 224
216 244
216 247
217 220
217 222
217 239
217 242
217 253
217 264
217 270
217 275
218 229
218 250
219 228
219 231
219 232
219 233
219 237
219 246
219 251
219 252
219 258
219 259
219 260
219 262
219 269
219 277
220 222
220 235
220 239
220 242
220 244
220 245
220 254
220 256
220 257
220 263
220 264
220 268
220 270
220 275
220 280
221 243
221 248
221 279
222 235
222 239
222 242
222 244
222 245
222 247
222 253
222 254
222 256
222 257
222 263
222 264
222 268
222 270
222 275
222 280
223 228
223 233
223 237
223 246
223 252
223 277
226 277
227 230
227 234
227 249
227 261
227 267
227 271
227 278
228 232
228 233
228 237
228 246
228 248
228 251
228 252
228 259
228 277
229 250
230 278
231 233
231 252
231 258
231 259
231 262
231 269
232 243
232 251
232 252
232 260
232 269
233 237
233 246
233 248
233 251
233 252
233 253
233 258
233 259
234 249
234 261
234 267
234 273
235 242
235 244
235 245
235 256
235 263
235 264
235 275
235 280
236 240
236 265
237 248
237 252
237 255
237 258
237 259
237 277
238 251
238 269
238 276
239 242
239 244
239 245
239 254
239 256
239 257
239 263
239 264
239 270
239 275
239 280
241 277
242 244
242 245
242 253
242 254
242 256
242 263
242 264
242 268
242 270
242 275
242 280
243 248
243 251
243 252
243 259
243 260
243 279
244 245
244 247
244 253
244 254
244 256
244 263
244 264
244 270
244 275
244 280
245 253
245 254
245 256
245 257
245 263
245 264
245 268
245 270
245 275
245 280
246 249
246 255
246 258
246 261
248 251
248 279
249 261
249 267
249 278
250 272
251 252
251 258
251 259
251 269
251 277
252 258
252 259
252 262
252 269
252 277
253 254
253 256
253 257
253 259
253 263
253 264
253 268
253 270
254 256
254 268
254 275
254 280
255 258
255 262
256 257
256 263
256 264
256 270
256 275
256 280
257 264
257 270
257 280
258 259
259 262
259 269
259 277
261 267
261 271
261 273
261 278
263 264
263 270
263 275
263 280
264 268
264 270
264 275
264 280
267 271
267 278
268 270
268 275
268 280
270 275
270 280
271 273
273 278
274 277
275 280
276 277
282 284
282 286
282 295
282 305
282 308
282 311
282 312
282 314
282 315
282 317
282 326
282 328
282 332
282 371
283 290
284 287
284 295
284 315
284 317
284 371
285 343
285 372
286 295
286 308
286 312
286 314
286 315
286 317
286 371
287 295
287 303
287 313
287 315
287 317
287 358
287 371
288 306
288 307
288 319
288 321
288 338
288 345
288 355
288 356
288 359
288 361
288 372
289 308
289 314
289 315
289 317
289 326
289 332
289 371
291 296
291 299
291 364
291 366
291 367
292 314
292 318
292 328
292 333
292 336
293 297
294 308
294 317
295 308
295 311
295 312
295 313
295 314
295 315
295 317
295 332
295 336
295 371
296 345
296 353
298 360
299 364
300 307
300 320
300 334
300 338
300 339
300 352
300 356
300 357
300 372
301 307
301 338
302 369
303 312
303 317
303 333
304 307
304 334
304 338
304 344
304 356
304 357
304 361
304 372
305 315
305 317
305 371
307 324
307 334
307 337
307 338
307 339
307 342
307 343
307 344
307 345
307 351
307 352
307 354
307 357
307 369
307 372
308 312
308 313
308 314
308 315
308 317
308 326
308 328
308 332
308 371
309 314
309 328
309 333
310 364
311 312
311 317
311 332
311 371
312 317
312 358
312 371
313 314
313 315
313 317
313 328
313 350
313 365
313 371
314 315
314 317
314 318
314 328
314 333
314 350
314 365
314 371
315 317
315 318
315 326
315 328
315 332
315 358
315 371
316 331
317 326
317 332
317 333
317 371
318 328
318 333
318 336
319 321
320 325
320 327
320 337
320 338
320 339
320 340
320 343
320 344
320 345
320 355
320 363
321 351
321 352
321 372
322 327
323 359
324 342
325 348
326 332
327 338
327 355
327 363
328 333
328 335
328 336
328 350
328 365
328 371
329 358
330 338
331 346
331 347
332 371
333 336
333 365
333 371
334 338
334 341
334 344
334 345
334 351
334 352
334 357
334 361
334 369
334 372
336 371
337 343
337 344
337 355
337 357
338 339
338 344
338 345
338 351
338 352
338 357
338 363
338 368
339 368
341 343
341 344
341 372
343 344
343 345
343 349
343 355
343 359
343 372
344 345
344 349
344 355
344 357
344 363
344 368
344 372
345 352
345 361
345 363
345 372
346 347
348 362
349 355
349 356
351 352
351 357
351 369
351 372
352 357
352 361
352 363
352 369
352 372
356 357
356 359
356 372
357 369
358 371
359 363
361 363
361 370
361 372
363 369
363 370
369 372
373 374
373 375
373 376
373 377
373 378
373 379
373 380
373 381
373 382
373 383
373 384
373 385
373 386
373 387
373 388
373 389
373 390
373 391
373 392
373 393
373 394
373 395
373 396
373 397
373 398
373 399
373 400
373 401
373 402
373 403
373 404
373 405
373 406
373 407
373 408
373 409
373 410
373 411
373 412
373 413
373 414
373 415
373 416
373 417
373 418
373 419
373 420
373 421
373 422
373 423
373 424
373 425
373 426
373 427
373 428
373 429
373 430
373 431
373 432
373 433
373 434
373 435
373 436
373 437
375 382
375 390
375 410
375 417
376 398
376 405
376 408
376 435
378 386
378 393
379 408
379 409
380 403
381 383
381 391
381 401
381 416
381 424
381 426
382 390
382 417
382 434
383 391
383 396
384 399
384 423
386 393
386 412
386 415
386 425
386 434
387 411
388 392
388 422
391 396
391 401
391 409
391 416
391 424
392 422
394 412
394 415
394 425
395 422
401 416
401 424
405 426
405 435
406 407
406 436
407 436
408 435
409 435
412 425
415 425
416 420
416 424
416 426
417 423
422 428
423 430
424 426
438 439
439 440
